#reader(lib"read.ss""wxme")WXME0108 ## 
#|
   This file uses the GRacket editor format.
   Open this file in DrRacket version 6.2 or later to read it.

   Most likely, it was created by saving a program in DrRacket,
   and it probably contains a program with non-text elements
   (such as images or comment boxes).

            http://racket-lang.org/
|#
 32 7 #"wxtext\0"
3 1 6 #"wxtab\0"
1 1 8 #"wximage\0"
2 0 8 #"wxmedia\0"
4 1 34 #"(lib \"syntax-browser.ss\" \"mrlib\")\0"
1 0 16 #"drscheme:number\0"
3 0 44 #"(lib \"number-snip.ss\" \"drscheme\" \"private\")\0"
1 0 36 #"(lib \"comment-snip.ss\" \"framework\")\0"
1 0 93
(
 #"((lib \"collapsed-snipclass.ss\" \"framework\") (lib \"collapsed-sni"
 #"pclass-wxme.ss\" \"framework\"))\0"
) 0 0 43 #"(lib \"collapsed-snipclass.ss\" \"framework\")\0"
0 0 19 #"drscheme:sexp-snip\0"
0 0 36 #"(lib \"cache-image-snip.ss\" \"mrlib\")\0"
1 0 68
(
 #"((lib \"image-core.ss\" \"mrlib\") (lib \"image-core-wxme.rkt\" \"mr"
 #"lib\"))\0"
) 1 0 29 #"drscheme:bindings-snipclass%\0"
1 0 101
(
 #"((lib \"ellipsis-snip.rkt\" \"drracket\" \"private\") (lib \"ellipsi"
 #"s-snip-wxme.rkt\" \"drracket\" \"private\"))\0"
) 2 0 88
(
 #"((lib \"pict-snip.rkt\" \"drracket\" \"private\") (lib \"pict-snip.r"
 #"kt\" \"drracket\" \"private\"))\0"
) 0 0 34 #"(lib \"bullet-snip.rkt\" \"browser\")\0"
0 0 25 #"(lib \"matrix.ss\" \"htdp\")\0"
1 0 22 #"drscheme:lambda-snip%\0"
1 0 29 #"drclickable-string-snipclass\0"
0 0 26 #"drracket:spacer-snipclass\0"
0 0 57
#"(lib \"hrule-snip.rkt\" \"macro-debugger\" \"syntax-browser\")\0"
1 0 26 #"drscheme:pict-value-snip%\0"
0 0 45 #"(lib \"image-snipr.ss\" \"slideshow\" \"private\")\0"
1 0 38 #"(lib \"pict-snipclass.ss\" \"slideshow\")\0"
2 0 55 #"(lib \"vertical-separator-snip.ss\" \"stepper\" \"private\")\0"
1 0 18 #"drscheme:xml-snip\0"
1 0 31 #"(lib \"xml-snipclass.ss\" \"xml\")\0"
1 0 21 #"drscheme:scheme-snip\0"
2 0 34 #"(lib \"scheme-snipclass.ss\" \"xml\")\0"
1 0 10 #"text-box%\0"
1 0 32 #"(lib \"text-snipclass.ss\" \"xml\")\0"
1 0 1 6 #"wxloc\0"
          0 0 66 0 1 #"\0"
0 75 1 #"\0"
0 12 90 -1 90 -1 3 -1 0 1 0 1 0 0 0 0 0 0 0 0 0 0 0 255 255 255 1 -1 0 9
#"Standard\0"
0 75 10 #"Monospace\0"
0 12 90 -1 90 -1 3 -1 0 1 0 1 0 0 0 0 0 0 0 0 0 0 0 255 255 255 1 -1 2 1
#"\0"
0 -1 1 #"\0"
1 0 -1 -1 -1 -1 -1 -1 0 0 0 0 0 0 1 1 1 1 1 1 0 0 0 0 0 0 -1 -1 2 24
#"framework:default-color\0"
0 -1 1 #"\0"
1 0 -1 -1 -1 -1 -1 -1 0 0 0 0 0 1 0 0 0 0 0 0 0 0 0 255 255 255 -1 -1 2
1 #"\0"
0 -1 1 #"\0"
1 0 -1 -1 -1 -1 -1 -1 0 0 0 0 0 0 0 0 0 1 1 1 150 0 150 0 0 0 -1 -1 2 15
#"text:ports out\0"
0 -1 1 #"\0"
1 0 -1 92 -1 93 -1 -1 0 1 0 0 0 0 0 0 0 1 1 1 150 0 150 0 0 0 -1 -1 2 1
#"\0"
0 -1 1 #"\0"
1.0 0 -1 -1 93 -1 -1 -1 0 0 0 0 0 0 0 0 0 1.0 1.0 1.0 255 0 0 0 0 0 -1
-1 2 15 #"text:ports err\0"
0 -1 1 #"\0"
1 0 -1 92 93 -1 -1 -1 0 1 0 0 0 0 0 0 0 1 1 1 255 0 0 0 0 0 -1 -1 2 1
#"\0"
0 -1 1 #"\0"
1 0 -1 -1 -1 -1 -1 -1 0 0 0 0 0 0 0 0 0 1 1 1 0 0 175 0 0 0 -1 -1 2 17
#"text:ports value\0"
0 -1 1 #"\0"
1 0 -1 92 -1 93 -1 -1 0 1 0 0 0 0 0 0 0 1 1 1 0 0 175 0 0 0 -1 -1 2 1
#"\0"
0 -1 1 #"\0"
1.0 0 92 -1 -1 -1 -1 -1 0 0 0 0 0 0 0 0 0 1.0 1.0 1.0 34 139 34 0 0 0 -1
-1 2 27 #"Matching Parenthesis Style\0"
0 -1 1 #"\0"
1.0 0 92 -1 -1 -1 -1 -1 0 0 0 0 0 0 0 0 0 1.0 1.0 1.0 34 139 34 0 0 0 -1
-1 2 1 #"\0"
0 -1 1 #"\0"
1 0 -1 92 -1 93 -1 -1 0 1 0 0 0 0 0 0 0 1 1 1 38 38 128 0 0 0 -1 -1 2 37
#"framework:syntax-color:scheme:symbol\0"
0 -1 1 #"\0"
1 0 -1 92 -1 93 -1 -1 0 1 0 0 0 0 0 0 0 1 1 1 38 38 128 0 0 0 -1 -1 2 38
#"framework:syntax-color:scheme:keyword\0"
0 -1 1 #"\0"
1 0 -1 92 -1 93 -1 -1 0 1 0 0 0 0 0 0 0 1 1 1 38 38 128 0 0 0 -1 -1 2 1
#"\0"
0 -1 1 #"\0"
1 0 -1 92 -1 93 -1 -1 0 1 0 0 0 0 0 0 0 1 1 1 194 116 31 0 0 0 -1 -1 2
38 #"framework:syntax-color:scheme:comment\0"
0 -1 1 #"\0"
1 0 -1 92 -1 93 -1 -1 0 1 0 0 0 0 0 0 0 1 1 1 194 116 31 0 0 0 -1 -1 2 1
#"\0"
0 -1 1 #"\0"
1 0 -1 92 -1 93 -1 -1 0 1 0 0 0 0 0 0 0 1 1 1 41 128 38 0 0 0 -1 -1 2 37
#"framework:syntax-color:scheme:string\0"
0 -1 1 #"\0"
1 0 -1 92 -1 93 -1 -1 0 1 0 0 0 0 0 0 0 1 1 1 41 128 38 0 0 0 -1 -1 2 35
#"framework:syntax-color:scheme:text\0"
0 -1 1 #"\0"
1 0 -1 92 -1 93 -1 -1 0 1 0 0 0 0 0 0 0 1 1 1 41 128 38 0 0 0 -1 -1 2 39
#"framework:syntax-color:scheme:constant\0"
0 -1 1 #"\0"
1 0 -1 92 -1 93 -1 -1 0 1 0 0 0 0 0 0 0 1 1 1 41 128 38 0 0 0 -1 -1 2 1
#"\0"
0 -1 1 #"\0"
1 0 -1 92 -1 93 -1 -1 0 1 0 0 0 0 0 0 0 1 1 1 132 60 36 0 0 0 -1 -1 2 49
#"framework:syntax-color:scheme:hash-colon-keyword\0"
0 -1 1 #"\0"
1 0 -1 92 -1 93 -1 -1 0 1 0 0 0 0 0 0 0 1 1 1 132 60 36 0 0 0 -1 -1 2 42
#"framework:syntax-color:scheme:parenthesis\0"
0 -1 1 #"\0"
1 0 -1 92 -1 93 -1 -1 0 1 0 0 0 0 0 0 0 1 1 1 132 60 36 0 0 0 -1 -1 2 1
#"\0"
0 -1 1 #"\0"
1 0 -1 92 -1 93 -1 -1 0 1 0 0 0 0 0 0 0 1 1 1 255 0 0 0 0 0 -1 -1 2 36
#"framework:syntax-color:scheme:error\0"
0 -1 1 #"\0"
1 0 -1 92 -1 93 -1 -1 0 1 0 0 0 0 0 0 0 1 1 1 255 0 0 0 0 0 -1 -1 2 1
#"\0"
0 -1 1 #"\0"
1 0 -1 92 -1 93 -1 -1 0 1 0 0 0 0 0 0 0 1 1 1 0 0 0 0 0 0 -1 -1 2 36
#"framework:syntax-color:scheme:other\0"
0 -1 1 #"\0"
1 0 -1 92 -1 93 -1 -1 0 1 0 0 0 0 0 0 0 1 1 1 0 0 0 0 0 0 -1 -1 2 16
#"Misspelled Text\0"
0 -1 1 #"\0"
1 0 -1 -1 -1 -1 -1 -1 0 0 0 0 0 0 0 0 0 1 1 1 0 0 0 0 0 0 -1 -1 2 1
#"\0"
0 -1 1 #"\0"
1 0 -1 92 -1 93 -1 -1 0 1 0 0 0 0 0 0 0 1 1 1 81 112 203 0 0 0 -1 -1 2
38 #"drracket:check-syntax:lexically-bound\0"
0 -1 1 #"\0"
1 0 -1 92 -1 93 -1 -1 0 1 0 0 0 0 0 0 0 1 1 1 81 112 203 0 0 0 -1 -1 2 1
#"\0"
0 -1 1 #"\0"
1 0 -1 92 -1 93 -1 -1 0 1 0 0 0 0 0 0 0 1 1 1 178 34 34 0 0 0 -1 -1 2 28
#"drracket:check-syntax:set!d\0"
0 -1 1 #"\0"
1 0 -1 92 -1 93 -1 -1 0 1 0 0 0 0 0 0 0 1 1 1 178 34 34 0 0 0 -1 -1 2 37
#"drracket:check-syntax:unused-require\0"
0 -1 1 #"\0"
1 0 -1 92 -1 93 -1 -1 0 1 0 0 0 0 0 0 0 1 1 1 255 0 0 0 0 0 -1 -1 2 36
#"drracket:check-syntax:free-variable\0"
0 -1 1 #"\0"
1 0 -1 92 -1 93 -1 -1 0 1 0 0 0 0 0 0 0 1 1 1 255 0 0 0 0 0 -1 -1 2 1
#"\0"
0 -1 1 #"\0"
1 0 -1 92 -1 93 -1 -1 0 1 0 0 0 0 0 0 0 1 1 1 68 0 203 0 0 0 -1 -1 2 31
#"drracket:check-syntax:imported\0"
0 -1 1 #"\0"
1 0 -1 92 -1 93 -1 -1 0 1 0 0 0 0 0 0 0 1 1 1 68 0 203 0 0 0 -1 -1 2 47
#"drracket:check-syntax:my-obligation-style-pref\0"
0 -1 1 #"\0"
1 0 -1 92 -1 93 -1 -1 0 1 0 0 0 0 0 0 0 1 1 1 178 34 34 0 0 0 -1 -1 2 1
#"\0"
0 -1 1 #"\0"
1 0 -1 92 -1 93 -1 -1 0 1 0 0 0 0 0 0 0 1 1 1 0 116 0 0 0 0 -1 -1 2 50
#"drracket:check-syntax:their-obligation-style-pref\0"
0 -1 1 #"\0"
1 0 -1 92 -1 93 -1 -1 0 1 0 0 0 0 0 0 0 1 1 1 0 116 0 0 0 0 -1 -1 2 48
#"drracket:check-syntax:unk-obligation-style-pref\0"
0 -1 1 #"\0"
1 0 -1 92 -1 93 -1 -1 0 1 0 0 0 0 0 0 0 1 1 1 0 0 0 0 0 0 -1 -1 2 1
#"\0"
0 -1 1 #"\0"
1 0 -1 92 -1 93 -1 -1 0 1 0 0 0 0 0 0 0 1 1 1 139 142 28 0 0 0 -1 -1 2
49 #"drracket:check-syntax:both-obligation-style-pref\0"
0 -1 1 #"\0"
1 0 -1 92 -1 93 -1 -1 0 1 0 0 0 0 0 0 0 1 1 1 139 142 28 0 0 0 -1 -1 2
26 #"plt:htdp:test-coverage-on\0"
0 -1 1 #"\0"
1 0 -1 92 -1 93 -1 -1 0 1 0 0 0 0 0 0 0 1 1 1 0 0 0 0 0 0 -1 -1 2 1
#"\0"
0 -1 1 #"\0"
1 0 -1 92 -1 93 -1 -1 0 1 0 0 0 1 0 0 0 0 0 0 255 165 0 0 0 0 -1 -1 2 27
#"plt:htdp:test-coverage-off\0"
0 -1 1 #"\0"
1 0 -1 92 -1 93 -1 -1 0 1 0 0 0 1 0 0 0 0 0 0 255 165 0 0 0 0 -1 -1 4 1
#"\0"
0 70 1 #"\0"
1.0 0 -1 -1 -1 -1 -1 -1 0 0 0 0 0 0 1.0 1.0 1.0 1.0 1.0 1.0 0 0 0 0 0 0
-1 -1 4 4 #"XML\0"
0 70 1 #"\0"
1.0 0 -1 -1 -1 -1 -1 -1 0 0 0 0 0 0 1.0 1.0 1.0 1.0 1.0 1.0 0 0 0 0 0 0
-1 -1 2 37 #"plt:module-language:test-coverage-on\0"
0 -1 1 #"\0"
1 0 -1 92 -1 93 -1 -1 0 1 0 0 0 0 0 0 0 1 1 1 0 0 0 0 0 0 -1 -1 2 38
#"plt:module-language:test-coverage-off\0"
0 -1 1 #"\0"
1 0 -1 92 -1 93 -1 -1 0 1 0 0 0 1 0 0 0 0 0 0 255 165 0 0 0 0 -1 -1 4 1
#"\0"
0 71 1 #"\0"
1.0 0 -1 -1 -1 -1 -1 -1 0 0 0 0 0 0 1.0 1.0 1.0 1.0 1.0 1.0 0 0 0 0 0 0
-1 -1 4 1 #"\0"
0 -1 1 #"\0"
1.0 0 -1 -1 -1 -1 -1 -1 1 0 0 0 0 0 0 0 0 1.0 1.0 1.0 0 0 255 0 0 0 -1
-1 4 1 #"\0"
0 71 1 #"\0"
1.0 0 -1 -1 -1 -1 -1 -1 1 0 0 0 0 0 0 0 0 1.0 1.0 1.0 0 0 255 0 0 0 -1
-1 4 1 #"\0"
0 71 1 #"\0"
1.0 0 -1 -1 -1 -1 -1 -1 0 0 0 0 0 0 0 0 0 1.0 1.0 1.0 0 100 0 0 0 0 -1
-1 0 1 #"\0"
0 75 10 #"Monospace\0"
0.0 12 90 -1 90 -1 3 -1 0 1 0 1 0 0 0.0 0.0 0.0 0.0 0.0 0.0 0 0 0 255
255 255 1 -1 2 1 #"\0"
0 -1 1 #"\0"
1.0 0 -1 -1 -1 -1 -1 -1 0 0 0 0 0 1 0.0 0.0 0.0 0.0 0.0 0.0 0 0 0 255
255 255 -1 -1 2 1 #"\0"
0 -1 1 #"\0"
1.0 0 -1 92 -1 93 -1 -1 0 1 0 0 0 0 0.0 0.0 0.0 1.0 1.0 1.0 150 0 150 0
0 0 -1 -1 2 1 #"\0"
0 -1 1 #"\0"
1.0 0 -1 92 93 -1 -1 -1 0 1 0 0 0 0 0.0 0.0 0.0 1.0 1.0 1.0 255 0 0 0 0
0 -1 -1 2 1 #"\0"
0 -1 1 #"\0"
1.0 0 -1 92 -1 93 -1 -1 0 1 0 0 0 0 0.0 0.0 0.0 1.0 1.0 1.0 0 0 175 0 0
0 -1 -1 2 1 #"\0"
0 -1 1 #"\0"
1.0 0 -1 -1 -1 -1 -1 -1 0 0 0 0 0 0 0.0 0.0 0.0 1.0 1.0 1.0 0 0 0 0 0 0
-1 -1 4 1 #"\0"
0 71 1 #"\0"
1.0 0 -1 -1 93 -1 -1 -1 0 0 0 0 0 0 0.0 0.0 0.0 1.0 1.0 1.0 255 0 0 0 0
0 -1 -1 2 1 #"\0"
0 70 1 #"\0"
1.0 0 -1 -1 93 -1 -1 -1 0 0 0 0 0 0 0.0 0.0 0.0 1.0 1.0 1.0 148 0 211 0
0 0 -1 -1 2 1 #"\0"
0 70 1 #"\0"
1.0 0 -1 -1 -1 -1 -1 -1 1 0 0 0 0 0 0.0 0.0 0.0 1.0 1.0 1.0 0 0 255 0 0
0 -1 -1 2 1 #"\0"
0 -1 1 #"\0"
1.0 0 -1 -1 -1 -1 -1 -1 0 0 0 0 0 0 0.0 0.0 0.0 1.0 1.0 1.0 200 0 0 0 0
0 -1 -1 4 1 #"\0"
0 -1 1 #"\0"
1.0 0 92 -1 -1 -1 -1 -1 0 0 0 0 0 1 0 0 0 0 0 0 0 0 0 255 255 0 -1 -1
          0 742 0 28 3 12 #"#lang racket"
0 0 24 29 1 #"\n"
0 0 24 29 1 #"\n"
0 0 24 3 1 #"("
0 0 15 3 7 #"require"
0 0 24 3 1 #" "
0 0 14 3 11 #"2htdp/image"
0 0 24 3 1 #")"
0 0 24 29 1 #"\n"
0 0 24 29 1 #"\n"
0 0 17 3 69
(
 #";Exercise 1.1: Below is a sequence of expressions. What is the resul"
 #"t"
) 0 0 24 29 1 #"\n"
0 0 17 3 8 #";printed"
0 0 17 3 1 #" "
0 0 17 3 2 #"by"
0 0 17 3 1 #" "
0 0 17 3 3 #"the"
0 0 17 3 1 #" "
0 0 17 3 11 #"interpreter"
0 0 17 3 1 #" "
0 0 17 3 2 #"in"
0 0 17 3 1 #" "
0 0 17 3 8 #"response"
0 0 17 3 1 #" "
0 0 17 3 2 #"to"
0 0 17 3 24 #" each expression? Assume"
0 0 24 29 1 #"\n"
0 0 17 3 6 #";that "
0 0 17 3 3 #"the"
0 0 17 3 1 #" "
0 0 17 3 8 #"sequence"
0 0 17 3 1 #" "
0 0 17 3 2 #"is"
0 0 17 3 1 #" "
0 0 17 3 2 #"to"
0 0 17 3 1 #" "
0 0 17 3 2 #"be"
0 0 17 3 1 #" "
0 0 17 3 9 #"evaluated"
0 0 17 3 1 #" "
0 0 17 3 2 #"in"
0 0 17 3 1 #" "
0 0 17 3 3 #"the"
0 0 17 3 1 #" "
0 0 17 3 5 #"order"
0 0 17 3 1 #" "
0 0 17 3 2 #"in"
0 0 17 3 1 #" "
0 0 17 3 5 #"which"
0 0 17 3 11 #" it is pre-"
0 0 24 29 1 #"\n"
0 0 17 3 8 #";sented."
0 0 24 29 1 #"\n"
0 0 17 3 3 #";10"
0 0 24 29 1 #"\n"
0 0 21 3 2 #"10"
0 0 24 29 1 #"\n"
0 0 17 3 3 #";(+"
0 0 17 3 7 #" 5 3 4)"
0 0 24 29 1 #"\n"
0 0 21 3 2 #"12"
0 0 24 29 1 #"\n"
0 0 17 3 8 #";(- 9 1)"
0 0 24 29 1 #"\n"
0 0 21 3 1 #"8"
0 0 24 29 1 #"\n"
0 0 17 3 8 #";(/ 6 2)"
0 0 24 29 1 #"\n"
0 0 21 3 1 #"3"
0 0 24 29 1 #"\n"
0 0 17 3 2 #";("
0 0 17 3 1 #"+"
0 0 17 3 3 #" (*"
0 0 17 3 1 #" "
0 0 17 3 1 #"2"
0 0 17 3 1 #" "
0 0 17 3 1 #"4"
0 0 17 3 3 #") ("
0 0 17 3 7 #"- 4 6))"
0 0 24 29 1 #"\n"
0 0 21 3 1 #"6"
0 0 24 29 1 #"\n"
0 0 17 3 2 #";("
0 0 17 3 11 #"define a 3)"
0 0 24 29 1 #"\n"
0 0 17 3 2 #";("
0 0 17 3 6 #"define"
0 0 17 3 1 #" "
0 0 17 3 1 #"b"
0 0 17 3 9 #" (+ a 1))"
0 0 24 29 1 #"\n"
0 0 17 3 2 #";("
0 0 17 3 1 #"+"
0 0 17 3 1 #" "
0 0 17 3 2 #"a "
0 0 17 3 1 #"b"
0 0 17 3 2 #" ("
0 0 17 3 7 #"* a b))"
0 0 24 29 1 #"\n"
0 0 21 3 2 #"19"
0 0 24 29 1 #"\n"
0 0 17 3 8 #";(= a b)"
0 0 24 29 1 #"\n"
0 0 14 3 5 #"false"
0 0 24 29 1 #"\n"
0 0 17 3 4 #";(if"
0 0 17 3 2 #" ("
0 0 17 3 3 #"and"
0 0 17 3 2 #" ("
0 0 17 3 1 #">"
0 0 17 3 1 #" "
0 0 17 3 1 #"b"
0 0 17 3 1 #" "
0 0 17 3 1 #"a"
0 0 17 3 3 #") ("
0 0 17 3 1 #"<"
0 0 17 3 1 #" "
0 0 17 3 1 #"b"
0 0 17 3 2 #" ("
0 0 17 3 8 #"* a b)))"
0 0 24 29 1 #"\n"
0 0 17 3 6 #";    b"
0 0 24 29 1 #"\n"
0 0 17 3 7 #";    a)"
0 0 24 29 1 #"\n"
0 0 21 3 1 #"4"
0 0 24 29 1 #"\n"
0 0 17 3 2 #";("
0 0 17 3 4 #"cond"
0 0 17 3 3 #" (("
0 0 17 3 1 #"="
0 0 17 3 1 #" "
0 0 17 3 7 #"a 4) 6)"
0 0 24 29 1 #"\n"
0 0 17 3 9 #";      (("
0 0 17 3 1 #"="
0 0 17 3 2 #" b"
0 0 17 3 1 #" "
0 0 17 3 1 #"4"
0 0 17 3 3 #") ("
0 0 17 3 1 #"+"
0 0 17 3 1 #" "
0 0 17 3 7 #"6 7 a))"
0 0 24 29 1 #"\n"
0 0 17 3 17 #";      (else 25))"
0 0 24 29 1 #"\n"
0 0 21 3 2 #"16"
0 0 24 29 1 #"\n"
0 0 17 3 2 #";("
0 0 17 3 1 #"+"
0 0 17 3 1 #" "
0 0 17 3 3 #"2 ("
0 0 17 3 2 #"if"
0 0 17 3 2 #" ("
0 0 17 3 1 #">"
0 0 17 3 1 #" "
0 0 17 3 1 #"b"
0 0 17 3 1 #" "
0 0 17 3 8 #"a) b a))"
0 0 24 29 1 #"\n"
0 0 21 3 1 #"6"
0 0 24 29 1 #"\n"
0 0 17 3 21 #";(* (cond ((> a b) a)"
0 0 24 29 1 #"\n"
0 0 17 3 21 #";         ((< a b) b)"
0 0 24 29 1 #"\n"
0 0 17 3 20 #";         (else -1))"
0 0 24 29 1 #"\n"
0 0 17 3 12 #";   (+ a 1))"
0 0 24 29 1 #"\n"
0 0 21 3 2 #"16"
0 0 24 29 1 #"\n"
0 0 24 29 1 #"\n"
0 0 17 3 9 #";Exercise"
0 0 17 3 1 #" "
0 0 17 3 4 #"1.2:"
0 0 17 3 1 #" "
0 0 17 3 9 #"Translate"
0 0 17 3 1 #" "
0 0 17 3 3 #"the"
0 0 17 3 1 #" "
0 0 17 3 9 #"following"
0 0 17 3 1 #" "
0 0 17 3 10 #"expression"
0 0 17 3 18 #" into prefix form."
0 0 24 29 1 #"\n"
0 0 17 3 57
(
 #";(5 + 4 + (2 - (3 - (6 + 5"
 #" 4 )))) / (3(6 \342\210\222 2)(2 \342\210\222 7))"
) 0 0 24 29 1 #"\n"
0 0 24 3 1 #"("
0 0 14 3 1 #"/"
0 0 24 3 2 #" ("
0 0 14 3 1 #"+"
0 0 24 3 1 #" "
0 0 21 3 1 #"5"
0 0 24 3 1 #" "
0 0 21 3 1 #"4"
0 0 24 29 1 #"\n"
0 0 24 3 7 #"      ("
0 0 14 3 1 #"-"
0 0 24 3 1 #" "
0 0 21 3 1 #"2"
0 0 24 29 1 #"\n"
0 0 24 3 10 #"         ("
0 0 14 3 1 #"-"
0 0 24 3 1 #" "
0 0 21 3 1 #"3"
0 0 24 29 1 #"\n"
0 0 24 3 13 #"            ("
0 0 14 3 1 #"+"
0 0 24 3 1 #" "
0 0 21 3 1 #"6"
0 0 24 29 1 #"\n"
0 0 24 3 16 #"               ("
0 0 14 3 1 #"/"
0 0 24 3 1 #" "
0 0 21 3 1 #"4"
0 0 24 3 1 #" "
0 0 21 3 1 #"5"
0 0 24 3 5 #")))))"
0 0 24 29 1 #"\n"
0 0 24 3 4 #"   ("
0 0 14 3 1 #"*"
0 0 24 3 1 #" "
0 0 21 3 1 #"3"
0 0 24 29 1 #"\n"
0 0 24 3 7 #"      ("
0 0 14 3 1 #"-"
0 0 24 3 1 #" "
0 0 21 3 1 #"6"
0 0 24 3 1 #" "
0 0 21 3 1 #"2"
0 0 24 3 1 #")"
0 0 24 29 1 #"\n"
0 0 24 3 7 #"      ("
0 0 14 3 1 #"-"
0 0 24 3 1 #" "
0 0 21 3 1 #"2"
0 0 24 3 1 #" "
0 0 21 3 1 #"7"
0 0 24 3 3 #")))"
0 0 24 29 1 #"\n"
0 0 24 29 1 #"\n"
0 0 17 3 9 #";Exercise"
0 0 17 3 1 #" "
0 0 17 3 4 #"1.3:"
0 0 17 3 1 #" "
0 0 17 3 6 #"Define"
0 0 17 3 1 #" "
0 0 17 3 1 #"a"
0 0 17 3 1 #" "
0 0 17 3 9 #"procedure"
0 0 17 3 1 #" "
0 0 17 3 4 #"that"
0 0 17 3 1 #" "
0 0 17 3 5 #"takes"
0 0 17 3 1 #" "
0 0 17 3 5 #"three"
0 0 17 3 17 #" numbers as argu-"
0 0 24 29 1 #"\n"
0 0 17 3 6 #";ments"
0 0 17 3 1 #" "
0 0 17 3 3 #"and"
0 0 17 3 1 #" "
0 0 17 3 7 #"returns"
0 0 17 3 1 #" "
0 0 17 3 3 #"the"
0 0 17 3 1 #" "
0 0 17 3 3 #"sum"
0 0 17 3 1 #" "
0 0 17 3 2 #"of"
0 0 17 3 1 #" "
0 0 17 3 3 #"the"
0 0 17 3 1 #" "
0 0 17 3 7 #"squares"
0 0 17 3 1 #" "
0 0 17 3 2 #"of"
0 0 17 3 1 #" "
0 0 17 3 3 #"the"
0 0 17 3 16 #" two larger num-"
0 0 24 29 1 #"\n"
0 0 17 3 6 #";bers."
0 0 24 29 1 #"\n"
0 0 24 3 1 #"("
0 0 15 3 6 #"define"
0 0 24 3 2 #" ("
0 0 14 3 3 #"e13"
0 0 24 3 1 #" "
0 0 14 3 1 #"a"
0 0 24 3 1 #" "
0 0 14 3 1 #"b"
0 0 24 3 1 #" "
0 0 14 3 1 #"c"
0 0 24 3 1 #")"
0 0 24 29 1 #"\n"
0 0 24 3 3 #"  ("
0 0 14 3 2 #"if"
0 0 24 3 2 #" ("
0 0 14 3 1 #">"
0 0 24 3 1 #" "
0 0 14 3 1 #"a"
0 0 24 3 1 #" "
0 0 14 3 1 #"b"
0 0 24 3 1 #")"
0 0 24 29 1 #"\n"
0 0 24 3 7 #"      ("
0 0 14 3 2 #"if"
0 0 24 3 2 #" ("
0 0 14 3 1 #">"
0 0 24 3 1 #" "
0 0 14 3 1 #"b"
0 0 24 3 1 #" "
0 0 14 3 1 #"c"
0 0 24 3 1 #")"
0 0 24 29 1 #"\n"
0 0 24 3 11 #"          ("
0 0 14 3 1 #"+"
0 0 24 3 2 #" ("
0 0 14 3 1 #"*"
0 0 24 3 1 #" "
0 0 14 3 1 #"a"
0 0 24 3 1 #" "
0 0 14 3 1 #"a"
0 0 24 3 3 #") ("
0 0 14 3 1 #"*"
0 0 24 3 1 #" "
0 0 14 3 1 #"b"
0 0 24 3 1 #" "
0 0 14 3 1 #"b"
0 0 24 3 2 #"))"
0 0 24 29 1 #"\n"
0 0 24 3 11 #"          ("
0 0 14 3 1 #"+"
0 0 24 3 2 #" ("
0 0 14 3 1 #"*"
0 0 24 3 1 #" "
0 0 14 3 1 #"a"
0 0 24 3 1 #" "
0 0 14 3 1 #"a"
0 0 24 3 3 #") ("
0 0 14 3 1 #"*"
0 0 24 3 1 #" "
0 0 14 3 1 #"c"
0 0 24 3 1 #" "
0 0 14 3 1 #"c"
0 0 24 3 4 #" )))"
0 0 24 29 1 #"\n"
0 0 24 3 7 #"      ("
0 0 14 3 2 #"if"
0 0 24 3 2 #" ("
0 0 14 3 1 #">"
0 0 24 3 1 #" "
0 0 14 3 1 #"a"
0 0 24 3 1 #" "
0 0 14 3 1 #"c"
0 0 24 3 1 #")"
0 0 24 29 1 #"\n"
0 0 24 3 11 #"          ("
0 0 14 3 1 #"+"
0 0 24 3 2 #" ("
0 0 14 3 1 #"*"
0 0 24 3 1 #" "
0 0 14 3 1 #"b"
0 0 24 3 1 #" "
0 0 14 3 1 #"b"
0 0 24 3 3 #") ("
0 0 14 3 1 #"*"
0 0 24 3 1 #" "
0 0 14 3 1 #"a"
0 0 24 3 1 #" "
0 0 14 3 1 #"a"
0 0 24 3 2 #"))"
0 0 24 29 1 #"\n"
0 0 24 3 11 #"          ("
0 0 14 3 1 #"+"
0 0 24 3 2 #" ("
0 0 14 3 1 #"*"
0 0 24 3 1 #" "
0 0 14 3 1 #"b"
0 0 24 3 1 #" "
0 0 14 3 1 #"b"
0 0 24 3 3 #") ("
0 0 14 3 1 #"*"
0 0 24 3 1 #" "
0 0 14 3 1 #"c"
0 0 24 3 1 #" "
0 0 14 3 1 #"c"
0 0 24 3 5 #")))))"
0 0 24 29 1 #"\n"
0 0 24 29 1 #"\n"
0 0 17 3 9 #";Exercise"
0 0 17 3 1 #" "
0 0 17 3 4 #"1.4:"
0 0 17 3 1 #" "
0 0 17 3 7 #"Observe"
0 0 17 3 1 #" "
0 0 17 3 4 #"that"
0 0 17 3 1 #" "
0 0 17 3 3 #"our"
0 0 17 3 1 #" "
0 0 17 3 5 #"model"
0 0 17 3 1 #" "
0 0 17 3 2 #"of"
0 0 17 3 1 #" "
0 0 17 3 10 #"evaluation"
0 0 17 3 1 #" "
0 0 17 3 6 #"allows"
0 0 17 3 9 #" for com-"
0 0 24 29 1 #"\n"
0 0 17 3 10 #";binations"
0 0 17 3 1 #" "
0 0 17 3 5 #"whose"
0 0 17 3 1 #" "
0 0 17 3 9 #"operators"
0 0 17 3 1 #" "
0 0 17 3 3 #"are"
0 0 17 3 1 #" "
0 0 17 3 8 #"compound"
0 0 17 3 1 #" "
0 0 17 3 12 #"expressions."
0 0 17 3 9 #" Use this"
0 0 24 29 1 #"\n"
0 0 17 3 12 #";observation"
0 0 17 3 1 #" "
0 0 17 3 2 #"to"
0 0 17 3 1 #" "
0 0 17 3 8 #"describe"
0 0 17 3 1 #" "
0 0 17 3 3 #"the"
0 0 17 3 1 #" "
0 0 17 3 8 #"behavior"
0 0 17 3 1 #" "
0 0 17 3 2 #"of"
0 0 17 3 1 #" "
0 0 17 3 3 #"the"
0 0 17 3 21 #" following procedure:"
0 0 24 29 1 #"\n"
0 0 17 3 2 #";("
0 0 17 3 6 #"define"
0 0 17 3 2 #" ("
0 0 17 3 12 #"a-plus-abs-b"
0 0 17 3 1 #" "
0 0 17 3 4 #"a b)"
0 0 24 29 1 #"\n"
0 0 17 3 5 #";  (("
0 0 17 3 2 #"if"
0 0 17 3 2 #" ("
0 0 17 3 1 #">"
0 0 17 3 1 #" "
0 0 17 3 1 #"b"
0 0 17 3 1 #" "
0 0 17 3 1 #"0"
0 0 17 3 2 #") "
0 0 17 3 1 #"+"
0 0 17 3 1 #" "
0 0 17 3 1 #"-"
0 0 17 3 2 #") "
0 0 17 3 5 #"a b))"
0 0 24 29 1 #"\n"
0 0 24 29 1 #"\n"
0 0 17 3 77
(
 #";Answer: If b is a positive number, it would evaluate the expression"
 #" (+ a b),"
) 0 0 24 29 1 #"\n"
0 0 17 3 85
(
 #";        If b is zero or a negative number, it would evaluate the ex"
 #"pression (- a b)."
) 0 0 24 29 1 #"\n"
0 0 24 29 1 #"\n"
0 0 17 3 9 #";Exercise"
0 0 17 3 1 #" "
0 0 17 3 4 #"1.5:"
0 0 17 3 1 #" "
0 0 17 3 3 #"Ben"
0 0 17 3 1 #" "
0 0 17 3 9 #"Bitdiddle"
0 0 17 3 1 #" "
0 0 17 3 3 #"has"
0 0 17 3 1 #" "
0 0 17 3 8 #"invented"
0 0 17 3 1 #" "
0 0 17 3 1 #"a"
0 0 17 3 1 #" "
0 0 17 3 4 #"test"
0 0 17 3 13 #" to determine"
0 0 24 29 1 #"\n"
0 0 17 3 8 #";whether"
0 0 17 3 1 #" "
0 0 17 3 3 #"the"
0 0 17 3 1 #" "
0 0 17 3 11 #"interpreter"
0 0 17 3 1 #" "
0 0 17 3 2 #"he"
0 0 17 3 1 #" "
0 0 17 3 2 #"is"
0 0 17 3 1 #" "
0 0 17 3 5 #"faced"
0 0 17 3 1 #" "
0 0 17 3 4 #"with"
0 0 17 3 1 #" "
0 0 17 3 2 #"is"
0 0 17 3 24 #" using applicative-order"
0 0 24 29 1 #"\n"
0 0 17 3 11 #";evaluation"
0 0 17 3 1 #" "
0 0 17 3 2 #"or"
0 0 17 3 1 #" "
0 0 17 3 12 #"normal-order"
0 0 17 3 1 #" "
0 0 17 3 11 #"evaluation."
0 0 17 3 1 #" "
0 0 17 3 2 #"He"
0 0 17 3 1 #" "
0 0 17 3 7 #"defines"
0 0 17 3 14 #" the following"
0 0 24 29 1 #"\n"
0 0 17 3 18 #";two procedures:57"
0 0 24 29 1 #"\n"
0 0 17 3 2 #";("
0 0 17 3 6 #"define"
0 0 17 3 2 #" ("
0 0 17 3 7 #"p) (p))"
0 0 24 29 1 #"\n"
0 0 17 3 2 #";("
0 0 17 3 6 #"define"
0 0 17 3 2 #" ("
0 0 17 3 4 #"test"
0 0 17 3 1 #" "
0 0 17 3 4 #"x y)"
0 0 24 29 1 #"\n"
0 0 17 3 4 #";  ("
0 0 17 3 2 #"if"
0 0 17 3 2 #" ("
0 0 17 3 1 #"="
0 0 17 3 1 #" "
0 0 17 3 1 #"x"
0 0 17 3 1 #" "
0 0 17 3 1 #"0"
0 0 17 3 2 #") "
0 0 17 3 5 #"0 y))"
0 0 24 29 1 #"\n"
0 0 17 3 5 #";Then"
0 0 17 3 1 #" "
0 0 17 3 2 #"he"
0 0 17 3 1 #" "
0 0 17 3 9 #"evaluates"
0 0 17 3 15 #" the expression"
0 0 24 29 1 #"\n"
0 0 17 3 2 #";("
0 0 17 3 4 #"test"
0 0 17 3 1 #" "
0 0 17 3 6 #"0 (p))"
0 0 24 29 1 #"\n"
0 0 17 3 5 #";What"
0 0 17 3 1 #" "
0 0 17 3 8 #"behavior"
0 0 17 3 1 #" "
0 0 17 3 4 #"will"
0 0 17 3 1 #" "
0 0 17 3 3 #"Ben"
0 0 17 3 1 #" "
0 0 17 3 7 #"observe"
0 0 17 3 1 #" "
0 0 17 3 4 #"with"
0 0 17 3 1 #" "
0 0 17 3 2 #"an"
0 0 17 3 1 #" "
0 0 17 3 11 #"interpreter"
0 0 17 3 10 #" that uses"
0 0 24 29 1 #"\n"
0 0 17 3 18 #";applicative-order"
0 0 17 3 1 #" "
0 0 17 3 11 #"evaluation?"
0 0 17 3 1 #" "
0 0 17 3 4 #"What"
0 0 17 3 1 #" "
0 0 17 3 8 #"behavior"
0 0 17 3 1 #" "
0 0 17 3 4 #"will"
0 0 17 3 1 #" "
0 0 17 3 2 #"he"
0 0 17 3 13 #" observe with"
0 0 24 29 1 #"\n"
0 0 17 3 3 #";an"
0 0 17 3 1 #" "
0 0 17 3 11 #"interpreter"
0 0 17 3 1 #" "
0 0 17 3 4 #"that"
0 0 17 3 1 #" "
0 0 17 3 4 #"uses"
0 0 17 3 1 #" "
0 0 17 3 12 #"normal-order"
0 0 17 3 1 #" "
0 0 17 3 11 #"evaluation?"
0 0 17 3 13 #" Explain your"
0 0 24 29 1 #"\n"
0 0 17 3 8 #";answer."
0 0 17 3 2 #" ("
0 0 17 3 6 #"Assume"
0 0 17 3 1 #" "
0 0 17 3 4 #"that"
0 0 17 3 1 #" "
0 0 17 3 3 #"the"
0 0 17 3 1 #" "
0 0 17 3 10 #"evaluation"
0 0 17 3 1 #" "
0 0 17 3 4 #"rule"
0 0 17 3 1 #" "
0 0 17 3 3 #"for"
0 0 17 3 1 #" "
0 0 17 3 3 #"the"
0 0 17 3 1 #" "
0 0 17 3 7 #"special"
0 0 17 3 8 #" form if"
0 0 24 29 1 #"\n"
0 0 17 3 3 #";is"
0 0 17 3 1 #" "
0 0 17 3 3 #"the"
0 0 17 3 1 #" "
0 0 17 3 4 #"same"
0 0 17 3 1 #" "
0 0 17 3 7 #"whether"
0 0 17 3 1 #" "
0 0 17 3 3 #"the"
0 0 17 3 1 #" "
0 0 17 3 11 #"interpreter"
0 0 17 3 1 #" "
0 0 17 3 2 #"is"
0 0 17 3 1 #" "
0 0 17 3 5 #"using"
0 0 17 3 1 #" "
0 0 17 3 6 #"normal"
0 0 17 3 15 #" or applicative"
0 0 24 29 1 #"\n"
0 0 17 3 7 #";order:"
0 0 17 3 1 #" "
0 0 17 3 3 #"The"
0 0 17 3 1 #" "
0 0 17 3 9 #"predicate"
0 0 17 3 1 #" "
0 0 17 3 10 #"expression"
0 0 17 3 1 #" "
0 0 17 3 2 #"is"
0 0 17 3 1 #" "
0 0 17 3 9 #"evaluated"
0 0 17 3 1 #" "
0 0 17 3 5 #"first"
0 0 17 3 1 #","
0 0 17 3 1 #" "
0 0 17 3 3 #"and"
0 0 17 3 11 #" the result"
0 0 24 29 1 #"\n"
0 0 17 3 11 #";determines"
0 0 17 3 1 #" "
0 0 17 3 7 #"whether"
0 0 17 3 1 #" "
0 0 17 3 2 #"to"
0 0 17 3 1 #" "
0 0 17 3 8 #"evaluate"
0 0 17 3 1 #" "
0 0 17 3 3 #"the"
0 0 17 3 1 #" "
0 0 17 3 10 #"consequent"
0 0 17 3 1 #" "
0 0 17 3 2 #"or"
0 0 17 3 16 #" the alternative"
0 0 24 29 1 #"\n"
0 0 17 3 13 #";expression.)"
0 0 24 29 1 #"\n"
0 0 24 29 1 #"\n"
0 0 17 3 134
(
 #";Answer: If the interpreter uses normal-order evaluation, it would f"
 #"ail because there is no value as the operands of the operator (p)."
) 0 0 24 29 1 #"\n"
0 0 17 3 82
(
 #";        If the interpreter uses applicative-order evaluation, it wo"
 #"uld produce 0."
) 0 0 24 29 1 #"\n"
0 0 24 29 1 #"\n"
0 0 17 3 6 #";Ex1.9"
0 0 24 29 1 #"\n"
0 0 24 3 1 #"("
0 0 15 3 6 #"define"
0 0 24 3 1 #" "
0 0 14 3 4 #"ex19"
0 0 24 3 2 #" ("
0 0 14 3 6 #"bitmap"
0 0 24 3 1 #" "
0 0 19 3 17 #"\"./img/ex1,9.png\""
0 0 24 3 2 #"))"
0 0 24 29 1 #"\n"
0 0 17 3 13 #";Ex1.9 Answer"
0 0 24 29 1 #"\n"
0 0 24 3 1 #"("
0 0 15 3 6 #"define"
0 0 24 3 1 #" "
0 0 14 3 3 #"a19"
0 0 24 3 2 #" ("
0 0 14 3 6 #"bitmap"
0 0 24 3 1 #" "
0 0 19 3 21 #"\"./answers/an1,9.png\""
0 0 24 3 2 #"))"
0 0 24 29 1 #"\n"
0 0 24 29 1 #"\n"
0 0 17 3 19 #";Ex1.10 : run both:"
0 0 24 29 1 #"\n"
0 0 24 3 1 #"("
0 0 15 3 6 #"define"
0 0 24 3 1 #" "
0 0 14 3 6 #"ex1101"
0 0 24 3 2 #" ("
0 0 14 3 6 #"bitmap"
0 0 24 3 1 #" "
0 0 19 3 20 #"\"./img/ex1,10,1.png\""
0 0 24 3 2 #"))"
0 0 24 29 1 #"\n"
0 0 24 3 1 #"("
0 0 15 3 6 #"define"
0 0 24 3 1 #" "
0 0 14 3 6 #"ex1102"
0 0 24 3 2 #" ("
0 0 14 3 6 #"bitmap"
0 0 24 3 1 #" "
0 0 19 3 20 #"\"./img/ex1,10,2.png\""
0 0 24 3 2 #"))"
0 0 24 29 1 #"\n"
0 0 24 29 1 #"\n"
0 0 17 3 17 #";(A 1 10) -> 1024"
0 0 24 29 1 #"\n"
0 0 17 3 2 #";("
0 0 17 3 1 #"A"
0 0 17 3 1 #" "
0 0 17 3 1 #"2"
0 0 17 3 1 #" "
0 0 17 3 11 #"4) -> 65536"
0 0 24 29 1 #"\n"
0 0 17 3 2 #";("
0 0 17 3 1 #"A"
0 0 17 3 1 #" "
0 0 17 3 1 #"3"
0 0 17 3 1 #" "
0 0 17 3 11 #"3) -> 65536"
0 0 24 29 1 #"\n"
0 0 24 29 1 #"\n"
0 0 17 3 17 #";(A 1 10) -> 2^10"
0 0 24 29 1 #"\n"
0 0 17 3 17 #";(A 2 4) -> 2^2^4"
0 0 24 29 1 #"\n"
0 0 17 3 17 #";(A 3 3) -> 2^2^4"
0 0 24 29 1 #"\n"
0 0 24 29 1 #"\n"
0           0
